4
2 2 -1 1 4
4 3 -1 2 6
8 5 -3 4 12
3 3 -2 4 6
(1)
SOLUTION 1
x_1 = 0.600000000000000
x_2 = 1.000000000000000
x_3 = -1.000000000000000
x_4 = -0.200000000000000
SOLUTION 2
x_1 = 0.600000000000000
x_2 = 1.000000000000000
x_3 = -1.000000000000000
x_4 = -0.200000000000000
NEW MATRIX
-0.600000 0.100000 0.300000 -0.200000
1.000000 0.500000 -0.500000 0.000000
-1.000000 1.500000 -0.500000 0.000000
-0.800000 0.300000 -0.100000 0.400000
END MATRIX
Cond: 60.000000
Det: 10.000000
{{ 2 , 2 , -1 , 1 },{ 4 , 3 , -1 , 2 },{ 8 , 5 , -3 , 4 },{ 3 , 3 , -2 , 4 }} * { a , b , c , d } = { 4 , 6 , 12 , 6 }


4
2 5 -8 3 8
4 3 -9 1 9
2 3 -5 -6 7
1 8 -7 0 12
(3)
SOLUTION 1
x_1 = 3.000000000000000
x_2 = 2.000000000000000
x_3 = 1.000000000000000
x_4 = 0.000000000000000
SOLUTION 2
x_1 = 3.000000000000000
x_2 = 2.000000000000000
x_3 = 1.000000000000000
x_4 = 0.000000000000000
NEW MATRIX
-1.719577 1.222222 -0.656085 0.862434
-0.650794 0.333333 -0.269841 0.507937
-0.989418 0.555556 -0.402116 0.560847
-0.074074 0.111111 -0.185185 0.074074
END MATRIX
Cond: 80.285714
Det: -189.000000
{{ 2 , 5 , -8 , 3 },{ 4 , 3 , -9 , 1 },{ 2 , 3 , -5 , -6 },{ 1 , 8 , -7 , 0 }} * { a , b , c , d } = { 8 , 9 , 7 , 12 }


3
2 -1 0 3
-1 2 -1 4
0 -1 2 5
(4)
SOLUTION 1
x_1 = 5.500000000000000
x_2 = 8.000000000000000
x_3 = 6.500000000000000
SOLUTION 2
x_1 = 5.500000000000000
x_2 = 8.000000000000000
x_3 = 6.500000000000000
NEW MATRIX
0.750000 0.500000 0.250000
0.500000 1.000000 0.500000
0.250000 0.500000 0.750000
END MATRIX
ObNum: 8.000000
Det: 4.000000
{{ 2 , -1 , 0 },{ -1 , 2 , -1 },{ 0 , -1 , 2 }} * { a , b , c } = { 3 , 4 , 5 }

30
430.083333 0.060000 0.080000 0.100000 0.120000 0.140000 0.160000 0.180000 0.200000 0.220000 0.240000 0.260000 0.280000 0.300000 0.320000 0.340000 0.360000 0.380000 0.400000 0.420000 0.440000 0.460000 0.480000 0.500000 0.520000 0.540000 0.560000 0.580000 0.600000 0.620000 50.000000
0.060000 430.166667 0.100000 0.120000 0.140000 0.160000 0.180000 0.200000 0.220000 0.240000 0.260000 0.280000 0.300000 0.320000 0.340000 0.360000 0.380000 0.400000 0.420000 0.440000 0.460000 0.480000 0.500000 0.520000 0.540000 0.560000 0.580000 0.600000 0.620000 0.640000 70.000000
0.080000 0.100000 430.250000 0.140000 0.160000 0.180000 0.200000 0.220000 0.240000 0.260000 0.280000 0.300000 0.320000 0.340000 0.360000 0.380000 0.400000 0.420000 0.440000 0.460000 0.480000 0.500000 0.520000 0.540000 0.560000 0.580000 0.600000 0.620000 0.640000 0.660000 90.000000
0.100000 0.120000 0.140000 430.333333 0.180000 0.200000 0.220000 0.240000 0.260000 0.280000 0.300000 0.320000 0.340000 0.360000 0.380000 0.400000 0.420000 0.440000 0.460000 0.480000 0.500000 0.520000 0.540000 0.560000 0.580000 0.600000 0.620000 0.640000 0.660000 0.680000 110.000000
0.120000 0.140000 0.160000 0.180000 430.416667 0.220000 0.240000 0.260000 0.280000 0.300000 0.320000 0.340000 0.360000 0.380000 0.400000 0.420000 0.440000 0.460000 0.480000 0.500000 0.520000 0.540000 0.560000 0.580000 0.600000 0.620000 0.640000 0.660000 0.680000 0.700000 130.000000
0.140000 0.160000 0.180000 0.200000 0.220000 430.500000 0.260000 0.280000 0.300000 0.320000 0.340000 0.360000 0.380000 0.400000 0.420000 0.440000 0.460000 0.480000 0.500000 0.520000 0.540000 0.560000 0.580000 0.600000 0.620000 0.640000 0.660000 0.680000 0.700000 0.720000 150.000000
0.160000 0.180000 0.200000 0.220000 0.240000 0.260000 430.583333 0.300000 0.320000 0.340000 0.360000 0.380000 0.400000 0.420000 0.440000 0.460000 0.480000 0.500000 0.520000 0.540000 0.560000 0.580000 0.600000 0.620000 0.640000 0.660000 0.680000 0.700000 0.720000 0.740000 170.000000
0.180000 0.200000 0.220000 0.240000 0.260000 0.280000 0.300000 430.666667 0.340000 0.360000 0.380000 0.400000 0.420000 0.440000 0.460000 0.480000 0.500000 0.520000 0.540000 0.560000 0.580000 0.600000 0.620000 0.640000 0.660000 0.680000 0.700000 0.720000 0.740000 0.760000 190.000000
0.200000 0.220000 0.240000 0.260000 0.280000 0.300000 0.320000 0.340000 430.750000 0.380000 0.400000 0.420000 0.440000 0.460000 0.480000 0.500000 0.520000 0.540000 0.560000 0.580000 0.600000 0.620000 0.640000 0.660000 0.680000 0.700000 0.720000 0.740000 0.760000 0.780000 210.000000
0.220000 0.240000 0.260000 0.280000 0.300000 0.320000 0.340000 0.360000 0.380000 430.833333 0.420000 0.440000 0.460000 0.480000 0.500000 0.520000 0.540000 0.560000 0.580000 0.600000 0.620000 0.640000 0.660000 0.680000 0.700000 0.720000 0.740000 0.760000 0.780000 0.800000 230.000000
0.240000 0.260000 0.280000 0.300000 0.320000 0.340000 0.360000 0.380000 0.400000 0.420000 430.916667 0.460000 0.480000 0.500000 0.520000 0.540000 0.560000 0.580000 0.600000 0.620000 0.640000 0.660000 0.680000 0.700000 0.720000 0.740000 0.760000 0.780000 0.800000 0.820000 250.000000
0.260000 0.280000 0.300000 0.320000 0.340000 0.360000 0.380000 0.400000 0.420000 0.440000 0.460000 431.000000 0.500000 0.520000 0.540000 0.560000 0.580000 0.600000 0.620000 0.640000 0.660000 0.680000 0.700000 0.720000 0.740000 0.760000 0.780000 0.800000 0.820000 0.840000 270.000000
0.280000 0.300000 0.320000 0.340000 0.360000 0.380000 0.400000 0.420000 0.440000 0.460000 0.480000 0.500000 431.083333 0.540000 0.560000 0.580000 0.600000 0.620000 0.640000 0.660000 0.680000 0.700000 0.720000 0.740000 0.760000 0.780000 0.800000 0.820000 0.840000 0.860000 290.000000
0.300000 0.320000 0.340000 0.360000 0.380000 0.400000 0.420000 0.440000 0.460000 0.480000 0.500000 0.520000 0.540000 431.166667 0.580000 0.600000 0.620000 0.640000 0.660000 0.680000 0.700000 0.720000 0.740000 0.760000 0.780000 0.800000 0.820000 0.840000 0.860000 0.880000 310.000000
0.320000 0.340000 0.360000 0.380000 0.400000 0.420000 0.440000 0.460000 0.480000 0.500000 0.520000 0.540000 0.560000 0.580000 431.250000 0.620000 0.640000 0.660000 0.680000 0.700000 0.720000 0.740000 0.760000 0.780000 0.800000 0.820000 0.840000 0.860000 0.880000 0.900000 330.000000
0.340000 0.360000 0.380000 0.400000 0.420000 0.440000 0.460000 0.480000 0.500000 0.520000 0.540000 0.560000 0.580000 0.600000 0.620000 431.333333 0.660000 0.680000 0.700000 0.720000 0.740000 0.760000 0.780000 0.800000 0.820000 0.840000 0.860000 0.880000 0.900000 0.920000 350.000000
0.360000 0.380000 0.400000 0.420000 0.440000 0.460000 0.480000 0.500000 0.520000 0.540000 0.560000 0.580000 0.600000 0.620000 0.640000 0.660000 431.416667 0.700000 0.720000 0.740000 0.760000 0.780000 0.800000 0.820000 0.840000 0.860000 0.880000 0.900000 0.920000 0.940000 370.000000
0.380000 0.400000 0.420000 0.440000 0.460000 0.480000 0.500000 0.520000 0.540000 0.560000 0.580000 0.600000 0.620000 0.640000 0.660000 0.680000 0.700000 431.500000 0.740000 0.760000 0.780000 0.800000 0.820000 0.840000 0.860000 0.880000 0.900000 0.920000 0.940000 0.960000 390.000000
0.400000 0.420000 0.440000 0.460000 0.480000 0.500000 0.520000 0.540000 0.560000 0.580000 0.600000 0.620000 0.640000 0.660000 0.680000 0.700000 0.720000 0.740000 431.583333 0.780000 0.800000 0.820000 0.840000 0.860000 0.880000 0.900000 0.920000 0.940000 0.960000 0.980000 410.000000
0.420000 0.440000 0.460000 0.480000 0.500000 0.520000 0.540000 0.560000 0.580000 0.600000 0.620000 0.640000 0.660000 0.680000 0.700000 0.720000 0.740000 0.760000 0.780000 431.666667 0.820000 0.840000 0.860000 0.880000 0.900000 0.920000 0.940000 0.960000 0.980000 1.000000 430.000000
0.440000 0.460000 0.480000 0.500000 0.520000 0.540000 0.560000 0.580000 0.600000 0.620000 0.640000 0.660000 0.680000 0.700000 0.720000 0.740000 0.760000 0.780000 0.800000 0.820000 431.750000 0.860000 0.880000 0.900000 0.920000 0.940000 0.960000 0.980000 1.000000 1.020000 450.000000
0.460000 0.480000 0.500000 0.520000 0.540000 0.560000 0.580000 0.600000 0.620000 0.640000 0.660000 0.680000 0.700000 0.720000 0.740000 0.760000 0.780000 0.800000 0.820000 0.840000 0.860000 431.833333 0.900000 0.920000 0.940000 0.960000 0.980000 1.000000 1.020000 1.040000 470.000000
0.480000 0.500000 0.520000 0.540000 0.560000 0.580000 0.600000 0.620000 0.640000 0.660000 0.680000 0.700000 0.720000 0.740000 0.760000 0.780000 0.800000 0.820000 0.840000 0.860000 0.880000 0.900000 431.916667 0.940000 0.960000 0.980000 1.000000 1.020000 1.040000 1.060000 490.000000
0.500000 0.520000 0.540000 0.560000 0.580000 0.600000 0.620000 0.640000 0.660000 0.680000 0.700000 0.720000 0.740000 0.760000 0.780000 0.800000 0.820000 0.840000 0.860000 0.880000 0.900000 0.920000 0.940000 432.000000 0.980000 1.000000 1.020000 1.040000 1.060000 1.080000 510.000000
0.520000 0.540000 0.560000 0.580000 0.600000 0.620000 0.640000 0.660000 0.680000 0.700000 0.720000 0.740000 0.760000 0.780000 0.800000 0.820000 0.840000 0.860000 0.880000 0.900000 0.920000 0.940000 0.960000 0.980000 432.083333 1.020000 1.040000 1.060000 1.080000 1.100000 530.000000
0.540000 0.560000 0.580000 0.600000 0.620000 0.640000 0.660000 0.680000 0.700000 0.720000 0.740000 0.760000 0.780000 0.800000 0.820000 0.840000 0.860000 0.880000 0.900000 0.920000 0.940000 0.960000 0.980000 1.000000 1.020000 432.166667 1.060000 1.080000 1.100000 1.120000 550.000000
0.560000 0.580000 0.600000 0.620000 0.640000 0.660000 0.680000 0.700000 0.720000 0.740000 0.760000 0.780000 0.800000 0.820000 0.840000 0.860000 0.880000 0.900000 0.920000 0.940000 0.960000 0.980000 1.000000 1.020000 1.040000 1.060000 432.250000 1.100000 1.120000 1.140000 570.000000
0.580000 0.600000 0.620000 0.640000 0.660000 0.680000 0.700000 0.720000 0.740000 0.760000 0.780000 0.800000 0.820000 0.840000 0.860000 0.880000 0.900000 0.920000 0.940000 0.960000 0.980000 1.000000 1.020000 1.040000 1.060000 1.080000 1.100000 432.333333 1.140000 1.160000 590.000000
0.600000 0.620000 0.640000 0.660000 0.680000 0.700000 0.720000 0.740000 0.760000 0.780000 0.800000 0.820000 0.840000 0.860000 0.880000 0.900000 0.920000 0.940000 0.960000 0.980000 1.000000 1.020000 1.040000 1.060000 1.080000 1.100000 1.120000 1.140000 432.416667 1.180000 610.000000
0.620000 0.640000 0.660000 0.680000 0.700000 0.720000 0.740000 0.760000 0.780000 0.800000 0.820000 0.840000 0.860000 0.880000 0.900000 0.920000 0.940000 0.960000 0.980000 1.000000 1.020000 1.040000 1.060000 1.080000 1.100000 1.120000 1.140000 1.160000 1.180000 432.500000 630.000000
(5)
SOLUTION 1
x_1 = 0.094220856385308
x_2 = 0.139664640363886
x_3 = 0.185099268187903
x_4 = 0.230524742405332
x_5 = 0.275941065140727
x_6 = 0.321348240336259
x_7 = 0.366746270219767
x_8 = 0.412135156596181
x_9 = 0.457514904037024
x_10 = 0.502885514450388
x_11 = 0.548246989321968
x_12 = 0.593599333851879
x_13 = 0.638942549628852
x_14 = 0.684276637819734
x_15 = 0.729601604252472
x_16 = 0.774917450196826
x_17 = 0.820224176501179
x_18 = 0.865521789620556
x_19 = 0.910810290506128
x_20 = 0.956089679688203
x_21 = 1.001359964248124
x_22 = 1.046621144818862
x_23 = 1.091873221613033
x_24 = 1.137116202337544
x_25 = 1.182350087307552
x_26 = 1.227574876418363
x_27 = 1.272790578001696
x_28 = 1.317997192055276
x_29 = 1.363194718157486
x_30 = 1.408383165264102
SOLUTION 2
x_1 = 0.094220856385308
x_2 = 0.139664640363886
x_3 = 0.185099268187903
x_4 = 0.230524742405332
x_5 = 0.275941065140727
x_6 = 0.321348240336259
x_7 = 0.366746270219767
x_8 = 0.412135156596181
x_9 = 0.457514904037024
x_10 = 0.502885514450388
x_11 = 0.548246989321968
x_12 = 0.593599333851879
x_13 = 0.638942549628852
x_14 = 0.684276637819734
x_15 = 0.729601604252472
x_16 = 0.774917450196826
x_17 = 0.820224176501179
x_18 = 0.865521789620556
x_19 = 0.910810290506128
x_20 = 0.956089679688203
x_21 = 1.001359964248124
x_22 = 1.046621144818862
x_23 = 1.091873221613033
x_24 = 1.137116202337544
x_25 = 1.182350087307552
x_26 = 1.227574876418363
x_27 = 1.272790578001696
x_28 = 1.317997192055276
x_29 = 1.363194718157486
x_30 = 1.408383165264102
NEW MATRIX
0.002325 -0.000000 -0.000000 -0.000000 -0.000001 -0.000001 -0.000001 -0.000001 -0.000001 -0.000001 -0.000001 -0.000001 -0.000001 -0.000002 -0.000002 -0.000002 -0.000002 -0.000002 -0.000002 -0.000002 -0.000002 -0.000002 -0.000002 -0.000003 -0.000003 -0.000003 -0.000003 -0.000003 -0.000003 -0.000003
-0.000000 0.002325 -0.000000 -0.000001 -0.000001 -0.000001 -0.000001 -0.000001 -0.000001 -0.000001 -0.000001 -0.000001 -0.000002 -0.000002 -0.000002 -0.000002 -0.000002 -0.000002 -0.000002 -0.000002 -0.000002 -0.000002 -0.000003 -0.000003 -0.000003 -0.000003 -0.000003 -0.000003 -0.000003 -0.000003
-0.000000 -0.000000 0.002324 -0.000001 -0.000001 -0.000001 -0.000001 -0.000001 -0.000001 -0.000001 -0.000001 -0.000002 -0.000002 -0.000002 -0.000002 -0.000002 -0.000002 -0.000002 -0.000002 -0.000002 -0.000002 -0.000003 -0.000003 -0.000003 -0.000003 -0.000003 -0.000003 -0.000003 -0.000003 -0.000003
-0.000000 -0.000001 -0.000001 0.002324 -0.000001 -0.000001 -0.000001 -0.000001 -0.000001 -0.000001 -0.000002 -0.000002 -0.000002 -0.000002 -0.000002 -0.000002 -0.000002 -0.000002 -0.000002 -0.000002 -0.000003 -0.000003 -0.000003 -0.000003 -0.000003 -0.000003 -0.000003 -0.000003 -0.000003 -0.000004
-0.000001 -0.000001 -0.000001 -0.000001 0.002323 -0.000001 -0.000001 -0.000001 -0.000001 -0.000002 -0.000002 -0.000002 -0.000002 -0.000002 -0.000002 -0.000002 -0.000002 -0.000002 -0.000002 -0.000003 -0.000003 -0.000003 -0.000003 -0.000003 -0.000003 -0.000003 -0.000003 -0.000003 -0.000004 -0.000004
-0.000001 -0.000001 -0.000001 -0.000001 -0.000001 0.002323 -0.000001 -0.000001 -0.000002 -0.000002 -0.000002 -0.000002 -0.000002 -0.000002 -0.000002 -0.000002 -0.000002 -0.000002 -0.000003 -0.000003 -0.000003 -0.000003 -0.000003 -0.000003 -0.000003 -0.000003 -0.000003 -0.000004 -0.000004 -0.000004
-0.000001 -0.000001 -0.000001 -0.000001 -0.000001 -0.000001 0.002323 -0.000002 -0.000002 -0.000002 -0.000002 -0.000002 -0.000002 -0.000002 -0.000002 -0.000002 -0.000002 -0.000003 -0.000003 -0.000003 -0.000003 -0.000003 -0.000003 -0.000003 -0.000003 -0.000003 -0.000004 -0.000004 -0.000004 -0.000004
-0.000001 -0.000001 -0.000001 -0.000001 -0.000001 -0.000001 -0.000002 0.002322 -0.000002 -0.000002 -0.000002 -0.000002 -0.000002 -0.000002 -0.000002 -0.000002 -0.000003 -0.000003 -0.000003 -0.000003 -0.000003 -0.000003 -0.000003 -0.000003 -0.000003 -0.000004 -0.000004 -0.000004 -0.000004 -0.000004
-0.000001 -0.000001 -0.000001 -0.000001 -0.000001 -0.000002 -0.000002 -0.000002 0.002322 -0.000002 -0.000002 -0.000002 -0.000002 -0.000002 -0.000002 -0.000003 -0.000003 -0.000003 -0.000003 -0.000003 -0.000003 -0.000003 -0.000003 -0.000003 -0.000004 -0.000004 -0.000004 -0.000004 -0.000004 -0.000004
-0.000001 -0.000001 -0.000001 -0.000001 -0.000002 -0.000002 -0.000002 -0.000002 -0.000002 0.002321 -0.000002 -0.000002 -0.000002 -0.000002 -0.000003 -0.000003 -0.000003 -0.000003 -0.000003 -0.000003 -0.000003 -0.000003 -0.000003 -0.000004 -0.000004 -0.000004 -0.000004 -0.000004 -0.000004 -0.000004
-0.000001 -0.000001 -0.000001 -0.000002 -0.000002 -0.000002 -0.000002 -0.000002 -0.000002 -0.000002 0.002321 -0.000002 -0.000002 -0.000003 -0.000003 -0.000003 -0.000003 -0.000003 -0.000003 -0.000003 -0.000003 -0.000003 -0.000004 -0.000004 -0.000004 -0.000004 -0.000004 -0.000004 -0.000004 -0.000004
-0.000001 -0.000001 -0.000002 -0.000002 -0.000002 -0.000002 -0.000002 -0.000002 -0.000002 -0.000002 -0.000002 0.002320 -0.000003 -0.000003 -0.000003 -0.000003 -0.000003 -0.000003 -0.000003 -0.000003 -0.000003 -0.000004 -0.000004 -0.000004 -0.000004 -0.000004 -0.000004 -0.000004 -0.000004 -0.000004
-0.000001 -0.000002 -0.000002 -0.000002 -0.000002 -0.000002 -0.000002 -0.000002 -0.000002 -0.000002 -0.000002 -0.000003 0.002320 -0.000003 -0.000003 -0.000003 -0.000003 -0.000003 -0.000003 -0.000003 -0.000004 -0.000004 -0.000004 -0.000004 -0.000004 -0.000004 -0.000004 -0.000004 -0.000004 -0.000004
-0.000002 -0.000002 -0.000002 -0.000002 -0.000002 -0.000002 -0.000002 -0.000002 -0.000002 -0.000002 -0.000003 -0.000003 -0.000003 0.002319 -0.000003 -0.000003 -0.000003 -0.000003 -0.000003 -0.000004 -0.000004 -0.000004 -0.000004 -0.000004 -0.000004 -0.000004 -0.000004 -0.000004 -0.000004 -0.000005
-0.000002 -0.000002 -0.000002 -0.000002 -0.000002 -0.000002 -0.000002 -0.000002 -0.000002 -0.000003 -0.000003 -0.000003 -0.000003 -0.000003 0.002319 -0.000003 -0.000003 -0.000003 -0.000004 -0.000004 -0.000004 -0.000004 -0.000004 -0.000004 -0.000004 -0.000004 -0.000004 -0.000004 -0.000005 -0.000005
-0.000002 -0.000002 -0.000002 -0.000002 -0.000002 -0.000002 -0.000002 -0.000002 -0.000003 -0.000003 -0.000003 -0.000003 -0.000003 -0.000003 -0.000003 0.002319 -0.000003 -0.000004 -0.000004 -0.000004 -0.000004 -0.000004 -0.000004 -0.000004 -0.000004 -0.000004 -0.000004 -0.000005 -0.000005 -0.000005
-0.000002 -0.000002 -0.000002 -0.000002 -0.000002 -0.000002 -0.000002 -0.000003 -0.000003 -0.000003 -0.000003 -0.000003 -0.000003 -0.000003 -0.000003 -0.000003 0.002318 -0.000004 -0.000004 -0.000004 -0.000004 -0.000004 -0.000004 -0.000004 -0.000004 -0.000004 -0.000005 -0.000005 -0.000005 -0.000005
-0.000002 -0.000002 -0.000002 -0.000002 -0.000002 -0.000002 -0.000003 -0.000003 -0.000003 -0.000003 -0.000003 -0.000003 -0.000003 -0.000003 -0.000003 -0.000004 -0.000004 0.002318 -0.000004 -0.000004 -0.000004 -0.000004 -0.000004 -0.000004 -0.000004 -0.000005 -0.000005 -0.000005 -0.000005 -0.000005
-0.000002 -0.000002 -0.000002 -0.000002 -0.000002 -0.000003 -0.000003 -0.000003 -0.000003 -0.000003 -0.000003 -0.000003 -0.000003 -0.000003 -0.000004 -0.000004 -0.000004 -0.000004 0.002317 -0.000004 -0.000004 -0.000004 -0.000004 -0.000004 -0.000005 -0.000005 -0.000005 -0.000005 -0.000005 -0.000005
-0.000002 -0.000002 -0.000002 -0.000002 -0.000003 -0.000003 -0.000003 -0.000003 -0.000003 -0.000003 -0.000003 -0.000003 -0.000003 -0.000004 -0.000004 -0.000004 -0.000004 -0.000004 -0.000004 0.002317 -0.000004 -0.000004 -0.000004 -0.000005 -0.000005 -0.000005 -0.000005 -0.000005 -0.000005 -0.000005
-0.000002 -0.000002 -0.000002 -0.000003 -0.000003 -0.000003 -0.000003 -0.000003 -0.000003 -0.000003 -0.000003 -0.000003 -0.000004 -0.000004 -0.000004 -0.000004 -0.000004 -0.000004 -0.000004 -0.000004 0.002316 -0.000004 -0.000005 -0.000005 -0.000005 -0.000005 -0.000005 -0.000005 -0.000005 -0.000005
-0.000002 -0.000002 -0.000003 -0.000003 -0.000003 -0.000003 -0.000003 -0.000003 -0.000003 -0.000003 -0.000003 -0.000004 -0.000004 -0.000004 -0.000004 -0.000004 -0.000004 -0.000004 -0.000004 -0.000004 -0.000004 0.002316 -0.000005 -0.000005 -0.000005 -0.000005 -0.000005 -0.000005 -0.000005 -0.000005
-0.000002 -0.000003 -0.000003 -0.000003 -0.000003 -0.000003 -0.000003 -0.000003 -0.000003 -0.000003 -0.000004 -0.000004 -0.000004 -0.000004 -0.000004 -0.000004 -0.000004 -0.000004 -0.000004 -0.000004 -0.000005 -0.000005 0.002315 -0.000005 -0.000005 -0.000005 -0.000005 -0.000005 -0.000005 -0.000005
-0.000003 -0.000003 -0.000003 -0.000003 -0.000003 -0.000003 -0.000003 -0.000003 -0.000003 -0.000004 -0.000004 -0.000004 -0.000004 -0.000004 -0.000004 -0.000004 -0.000004 -0.000004 -0.000004 -0.000005 -0.000005 -0.000005 -0.000005 0.002315 -0.000005 -0.000005 -0.000005 -0.000005 -0.000005 -0.000006
-0.000003 -0.000003 -0.000003 -0.000003 -0.000003 -0.000003 -0.000003 -0.000003 -0.000004 -0.000004 -0.000004 -0.000004 -0.000004 -0.000004 -0.000004 -0.000004 -0.000004 -0.000004 -0.000005 -0.000005 -0.000005 -0.000005 -0.000005 -0.000005 0.002315 -0.000005 -0.000005 -0.000005 -0.000006 -0.000006
-0.000003 -0.000003 -0.000003 -0.000003 -0.000003 -0.000003 -0.000003 -0.000004 -0.000004 -0.000004 -0.000004 -0.000004 -0.000004 -0.000004 -0.000004 -0.000004 -0.000004 -0.000005 -0.000005 -0.000005 -0.000005 -0.000005 -0.000005 -0.000005 -0.000005 0.002314 -0.000005 -0.000006 -0.000006 -0.000006
-0.000003 -0.000003 -0.000003 -0.000003 -0.000003 -0.000003 -0.000004 -0.000004 -0.000004 -0.000004 -0.000004 -0.000004 -0.000004 -0.000004 -0.000004 -0.000004 -0.000005 -0.000005 -0.000005 -0.000005 -0.000005 -0.000005 -0.000005 -0.000005 -0.000005 -0.000005 0.002314 -0.000006 -0.000006 -0.000006
-0.000003 -0.000003 -0.000003 -0.000003 -0.000003 -0.000004 -0.000004 -0.000004 -0.000004 -0.000004 -0.000004 -0.000004 -0.000004 -0.000004 -0.000004 -0.000005 -0.000005 -0.000005 -0.000005 -0.000005 -0.000005 -0.000005 -0.000005 -0.000005 -0.000005 -0.000006 -0.000006 0.002313 -0.000006 -0.000006
-0.000003 -0.000003 -0.000003 -0.000003 -0.000004 -0.000004 -0.000004 -0.000004 -0.000004 -0.000004 -0.000004 -0.000004 -0.000004 -0.000004 -0.000005 -0.000005 -0.000005 -0.000005 -0.000005 -0.000005 -0.000005 -0.000005 -0.000005 -0.000005 -0.000006 -0.000006 -0.000006 -0.000006 0.002313 -0.000006
-0.000003 -0.000003 -0.000003 -0.000004 -0.000004 -0.000004 -0.000004 -0.000004 -0.000004 -0.000004 -0.000004 -0.000004 -0.000004 -0.000005 -0.000005 -0.000005 -0.000005 -0.000005 -0.000005 -0.000005 -0.000005 -0.000005 -0.000005 -0.000006 -0.000006 -0.000006 -0.000006 -0.000006 -0.000006 0.002312
END MATRIX
Cond: 1.122125
Det: 11032591757245778721867315865928395682697796809573674337936498887558459459371008.000000
